         215
         231
           5
         146
         152
          53
           7
         146
         155
         245
         169
         115
         243
          17
          35
          36
         244
          69
          51
          34
         106
         149
         162
         164
         204
         228
         148
         229
          45
          19
           1
          39
         228
          91
         219
          87
         130
         165
         148
         251
          66
         158
         194
         207
         185
         106
         100
          73
          41
         151
         233
         188
         144
         157
          31
          24
         140
         164
          79
         215
         170
         245
          60
         125
          23
         249
          14
          27
         163
         229
          78
          62
         131
         127
         232
          61
          53
          22
          64
         247
          14
         130
         125
         207
          85
         101
         233
         131
         152
         170
         201
          51
          16
          86
         205
         171
         194
         153
         237
         184
          75
         218
         149
          48
         244
         101
          94
         251
         242
          54
         207
         251
          40
         246
         221
         171
          74
         112
         177
          19
          62
         126
         196
         228
         218
          94
          44
          10
         213
         254
         110
         195
         123
          57
         173
         172
          13
          21
         144
          47
          10
           3
         231
         172
         166
          98
          20
          92
         248
          19
